1000,9.7,10,10,97,0.00,1.5,0.6,655,24,0.3,0.3,2.6,0.3
1200,11.8,12,12,95,0.00,1.8,0.8,644,24,0.3,0.4,3.8,0.3
1400,13.9,14,14,92,0.00,2.1,0.9,633,24,0.4,0.4,5.3,0.4
1600,16.1,16,16,90,0.00,2.4,1.1,622,23,0.4,0.5,7.1,0.5
1800,18.3,18,18,88,0.00,2.7,1.2,611,23,0.5,0.6,9.1,0.5
2000,20.6,20,20,86,4.78,3.1,1.4,600,23,0.5,0.6,11,0.6
2200,23.0,23,23,84,4.34,3.4,1.6,589,22,0.6,0.7,14,0.7
2400,25.4,25,25,82,3.98,3.7,1.7,578,22,0.7,0.8,17,0.7
2600,27.8,28,27,80,3.67,4.1,1.9,567,22,0.7,0.8,20,0.8
2800,30.3,30,30,78,3.40,4.4,2.1,557,22,0.8,0.9,24,0.9
3000,32.9,33,32,76,3.18,4.8,2.4,546,22,0.9,0.9,28,0.9
3200,35.6,35,35,74,2.99,5.2,2.6,536,21,1.0,1.0,33,1.0
3400,38.3,38,37,72,2.80,5.6,2.8,526,21,1.1,1.1,38,1.1
3600,41.1,41,40,70,2.65,5.9,3.1,516,21,1.1,1.1,43,1.1
3800,44.0,43,43,68,2.51,6.3,3.3,506,21,1.2,1.2,49,1.2
4000,47.0,46,46,66,2.39,6.7,3.6,496,22,1.4,1.3,55,1.3
4200,50.0,49,49,65,2.27,7.1,3.9,487,22,1.5,1.3,62,1.4
4400,53.1,52,52,63,2.17,7.6,4.2,477,22,1.6,1.4,70,1.5
4600,56.3,55,55,61,2.08,8.0,4.5,468,22,1.7,1.4,78,1.5
4800,59.6,59,58,60,2.00,8.4,4.8,458,22,1.9,1.5,87,1.6
5000,63.0,62,61,58,1.91,8.9,5.1,449,23,2.0,1.6,96,1.7
5200,66.5,65,64,56,1.84,9.3,5.5,440,23,2.2,1.6,106,1.8
5400,70.1,69,67,55,1.77,9.8,5.9,432,23,2.4,1.7,117,1.9
5600,73.8,72,71,53,1.70,10.2,6.3,423,24,2.6,1.8,128,2.0
5800,77.6,76,74,52,1.65,10.7,6.7,414,24,2.8,1.8,141,2.1
6000,81.5,80,78,50,1.60,11.2,7.1,406,25,3.1,1.9,154,2.2
6200,85.5,83,82,49,1.54,11.7,7.6,398,25,3.3,2.0,168,2.2
6400,89.7,87,85,47,1.49,12.2,8.0,390,26,3.6,2.0,183,2.3
6600,93.9,91,89,46,1.45,12.8,8.5,382,26,3.9,2.1,199,2.4
6800,98.3,96,93,45,1.40,13.3,9.1,374,27,4.3,2.1,216,2.5
7000,102.9,100,97,43,1.36,13.8,9.6,367,28,4.7,2.2,235,2.6
7200,107.6,104,102,42,1.33,14.4,10,360,28,5.1,2.3,254,2.7
7400,112.4,109,106,41,1.29,15.0,11,353,29,5.5,2.3,275,2.8
7600,117.4,114,110,40,1.25,15.6,11,346,30,6.0,2.4,297,2.9
7800,122.5,119,115,39,1.22,16.1,12,339,30,6.5,2.5,320,3.1
8000,127.8,123,120,37,1.19,16.8,13,334,31,7.1,2.5,345,3.2
8200,133.2,129,124,36,1.16,17.4,13,329,32,7.6,2.6,371,3.3
8400,138.9,134,129,35,1.13,18.0,14,326,33,8.3,2.7,399,3.4
8600,144.6,139,134,34,1.11,18.6,15,323,34,8.9,2.7,428,3.5
8800,150.6,145,140,33,1.08,19.3,16,320,35,9.6,2.8,459,3.7
9000,156.7,151,145,32,1.06,19.9,16,318,35,10,2.9,492,3.8
9200,163.0,157,151,31,1.03,20.6,17,315,37,12,3.0,527,4.0
9400,169.4,163,156,31,1.01,21.3,18,313,37,13,3.1,563,4.1
9600,176.0,169,162,30,0.99,21.9,19,312,38,13,3.1,601,4.3
9800,182.8,175,168,30,0.97,22.6,19,310,38,13,3.1,641,4.4
10000,189.7,182,174,29,0.95,23.3,20,309,39,14,3.2,683,4.6
10200,196.8,188,180,28,0.93,24.0,21,307,40,15,3.3,726,4.8
10400,204.0,195,187,28,0.92,24.7,22,306,41,16,3.3,772,5.0
10600,211.4,202,194,26,0.90,25.4,23,305,41,17,3.4,820,5.1
10800,219.0,209,200,26,0.88,26.2,23,304,42,18,3.5,870,5.3
11000,226.7,217,207,26,0.87,26.9,24,303,43,19,3.5,922,5.5
11200,234.6,224,214,25,0.85,27.6,25,303,44,20,3.6,976,5.7
11400,242.6,232,221,25,0.84,28.4,26,302,44,21,3.7,1032,5.9
11600,250.8,240,229,24,0.83,29.1,27,302,45,22,3.8,1090,6.2
11800,259.2,247,236,24,0.81,29.9,27,301,46,24,3.8,1151,6.4
12000,267.7,256,244,23,0.80,30.7,28,301,46,25,3.9,1214,6.6
12200,276.4,264,252,23,0.79,31.4,29,301,47,26,4.0,1280,6.8
12400,285.3,272,260,23,0.78,32.2,30,301,47,27,4.1,1348,7.1
12600,294.3,281,268,22,0.77,33.0,31,301,48,29,4.1,1418,7.3
12800,303.6,290,276,22,0.76,33.8,32,301,49,30,4.2,1491,7.6
13000,313.0,298,284,21,0.74,34.7,32,301,50,32,4.3,1567,7.9
13200,322.6,308,293,21,0.74,35.5,33,301,51,33,4.4,1646,8.1
13400,332.4,317,302,20,0.74,36.3,34,302,51,34,4.5,1727,8.4
13600,342.4,326,311,20,0.73,37.2,35,302,52,36,4.5,1812,8.7
13800,352.7,336,320,19,0.72,38.1,36,302,53,38,4.6,1899,9.0
14000,363.1,346,329,19,0.72,38.9,36,303,53,39,4.7,1990,9.3
14200,373.8,356,339,19,0.71,39.8,37,303,54,41,4.8,2085,9.7
14400,384.8,366,348,18,0.70,40.7,38,304,55,43,4.9,2183,10.0
14600,396.0,377,358,18,0.70,41.7,39,305,56,45,5.0,2285,10.4
14800,407.5,377,358,18,0.70,42.6,39,306,57,47,5.1,2391,10.7
15000,419.4,398,378,17,0.70,43.6,41,306,58,50,5.2,2501,11.1
15200,431.5,410,389,17,0.69,44.6,42,307,58,52,5.3,2616,11.5
15400,444.1,421,400,16,0.70,45.6,42,308,59,54,5.4,2736,12.0
15600,457.1,433,411,15,0.70,46.7,43,309,60,57,5.5,2862,12.4
15800,470.5,445,422,14,0.70,47.7,44,310,61,60,5.6,2994,12.9
16000,484.4,458,433,13,0.70,48.8,45,311,62,63,5.7,3134,13.4
16200,498.9,471,445,13,0.71,50.0,46,312,63,66,5.8,3280,13.9
16400,514.1,484,458,12,0.72,51.2,47,314,64,69,5.9,3436,14.5
16600,530.1,498,470,11,0.74,52.4,48,315,66,6.1,6.1,3602,15.1
16800,547.1,513,483,11,0.76,53.8,49,316,67,77,6.2,3780,15.8
17000,565.3,528,497,10,0.80,55.2,50,317,68,81,6.3,3975,16.6
17200,585.2,544,511,10,0.84,56.7,51,319,69,85,6.5,4189,17.5
17400,607.3,561,525,8,0.90,58.4,52,320,70,91,6.7,4431,18.5
17600,632.8,580,541,7,0.96,60.3,54,322,72,98,6.9,4713,19.7
17800,664.0,600,557,6,1.05,62.6,55,324,73,106,7.1,5064,21.3
18000,712.1,623,574,2,1.15,66.1,58,327,76,121,7.5,5612,24.0
